0 0 0 256 256 6 0
2 -4098 0 1 256 1
4 300 0 128 256 100 98 2 0
4 500 0 128 256 100 88 2 0
4 910 0 128 256 100 87 2 0
4 1042 0 128 256 100 97 2 0
4 1350 0 128 256 100 96 2 0
4 1750 0 128 256 100 95 2 0
4 2000 0 128 256 100 86 2 0
4 2300 0 128 256 100 84 2 0
4 2880 0 128 256 100 85 2 0
4 3500 0 128 256 100 94 2 0
4 3900 0 128 256 100 89 2 0
4 4250 0 128 256 100 91 2 0
4 4850 0 128 256 100 98 2 0
4 5250 0 128 256 100 93 2 0
4 5328 0 128 256 100 92 2 0

6 8870 0 1000 256 1 0
6 300 0 128 256 1 0
6 1350 0 128 256 1 0
6 1750 0 128 256 1 0
6 3500 0 128 256 1 0
6 4250 0 128 256 1 0
6 5250 0 128 256 1 0
6 8192 0 128 256 0 0

6 300 0 128 256 1 0
6 500 0 128 256 1 0
6 910 0 128 256 1 0
6 1042 0 128 256 1 0
6 1350 0 128 256 1 0
6 1750 0 128 256 1 0
6 2000 0 128 256 1 0
6 2300 0 128 256 1 0
6 2880 0 128 256 1 0
6 3500 0 128 256 1 0
6 3900 0 128 256 1 0
6 4250 0 128 256 1 0
6 4850 0 128 256 1 0
6 5250 0 128 256 1 0
6 5328 0 128 256 1 0

8 0 0 1024 256 0 1 25 4 2 1 0
8 0 0 512 300 0 1 40 1 1 1 0
8 0 0 256 256 0 1 58 12 2 1 0
11 200 200 200 14