0 1000 944 256 256 6
1 2000 944 256 256 1 4 2000 2000 21 1
1 4900 944 512 256 0 2 4900 4900 22 1
1 7865 944 512 256 0 2 7865 7865 22 1
1 7745 644 256 256 1 4 7745 7745 21 1

2 0 944 1 300 1
2 2828 900 1 256 1
2 5188 944 526 300 1

2 1944 944 1 1 1
2 2099 944 1 1 1

2 2099 722 1 1 1
2 2329 567 1 1 1
2 1943 567 1 1 1
2 2487 722 1 1 1

2 2520 44 1 256 1
2 1175 44 245 256 1
2 280 44 1 256 1

2 2330 299 1 1 1
2 1694 299 1 1 1
2 1540 299 1 1 1
2 928 299 1 1 1
2 774 299 1 1 1

2 1540 567 1 1 1
2 1695 714 1 1 1
2 928 567 1 1 1
2 774 714 1 1 1

2 6111 644 1 256 1
2 8192 644 1 566 1
2 5850 945 1 1 1
2 6004 945 1 1 1
2 6004 371 1 1 1
2 5850 215 1 1 1
2 7022 645 1 1 1
2 7176 645 1 1 1
2 7176 215 1 1 1
2 7022 371 1 1 1


3 4800 944 256 256 5 2 1 35 1 1 1
3 5800 944 256 256 5 1 2 35 0 1 0
3 7029 944 256 256 5 4 3 35 1 0 1
3 6673 644 256 256 5 3 4 35 1 0 1
3 7979 944 256 256 6 0 5 35 1 1 1

5 3773 944 256 256 38

6 490 240 32 64 1 21
6 1 1 1 1 0 21
6 2772 1063 32 32 0 0
6 3773 944 256 256 1 0

7 7157 956 49
7 6801 656 50

8 0 0 1024 256 0 1 25 4 2 1 0
8 0 0 512 300 0 1 40 1 1 1 0
8 0 0 256 256 0 1 58 12 2 1 0

9 490 240 32 64 47 1 2 0 0 0 255 0 0
9 2772 1063 32 32 46 1 2 0 2 0 255 0 0
9 2828 900 1920 1080 27 1 3 0 1 0 255 0 0

10 0 943 1944 1
10 2099 943 3091 1
10 0 1200 8192 1

10 1944 566 386 1
10 2099 723 386 1

10 281 43 2239 1

10 1695 300 636 1
10 1420 300 119 1

10 281 300 480 1
10 941 300 232 1

10 774 723 921 1
10 932 566 606 1

10 5850 214 1326 1
10 6004 372 1018 1
10 5714 944 135 1
10 6006 944 2186 1
10 6111 644 911 1
10 7178 644 1014 1
10 6111 900 2081 1

11 0 0 0 5

12 1944 565 635
12 2330 44 680

12 774 44 677
12 1540 44 677

12 7022 215 685
12 5850 215 985